1
1.5
1.66667
1.75
1.8
2.16667
1.85714
1.875
1.88889
2.5
2.27273
2.41667
2.23077
2.07143
1.93333
1.9375
1.94118
2.72222
2.57895
2.85
2.71429
2.59091
2.47826
2.54167
2.44
2.34615
2.25926
2.17857
2.10345
2.03333
1.96774
1.96875
1.9697
2.85294
2.77143
3.13889
3.05405
2.97368
2.89744
3.025
2.95122
2.88095
2.81395
2.75
2.68889
2.63043
2.57447
2.60417
2.55102
2.5
2.45098
2.40385
2.35849
2.31481
2.27273
2.23214
2.19298
2.15517
2.11864
2.08333
2.04918
2.01613
1.98413
1.98438
1.98462
2.92424
2.8806
3.30882
3.26087
3.21429
3.16901
3.34722
3.30137
3.25676
3.21333
3.17105
3.12987
3.08974
3.05063
3.1125
3.07407
3.03659
3
2.96429
2.92941
2.89535
2.86207
2.82955
2.79775
2.76667
2.73626
2.70652
2.67742
2.64894
2.62105
2.63542
2.60825
2.58163
2.55556
2.53
2.50495
2.48039
2.45631
2.43269
2.40952
2.38679
2.36449
2.34259
2.3211
2.3
2.27928
2.25893
2.23894
2.2193
2.2
2.18103
2.16239
2.14407
2.12605
2.10833
2.09091
2.07377
2.05691
2.04032
2.024
2.00794
1.99213
1.99219
1.99225
2.96154
2.93893
3.40152
3.37594
3.35075
3.32593
3.53676
3.51095
3.48551
3.46043
3.43571
3.41135
3.38732
3.36364
3.45139
3.42759
3.40411
3.38095
3.35811
3.33557
3.31333
3.29139
3.26974
3.24837
3.22727
3.20645
3.1859
3.16561
3.14557
3.12579
3.15625
3.13665
3.11728
3.09816
3.07927
3.06061
3.04217
3.02395
3.00595
2.98817
2.97059
2.95322
2.93605
2.91908
2.9023
2.88571
2.86932
2.85311
2.83708
2.82123
2.80556
2.79006
2.77473
2.75956
2.74457
2.72973
2.71505
2.70053
2.68617
2.67196
2.65789
2.64398
2.65104
2.63731
2.62371
2.61026
2.59694
2.58376
2.57071
2.55779
2.545
2.53234
2.5198
2.50739
2.4951
2.48293
2.47087
2.45894
2.44712
2.43541
2.42381
2.41232
2.40094
2.38967
2.3785
2.36744
2.35648
2.34562
2.33486
2.3242
2.31364
2.30317
2.29279
2.28251
2.27232
2.26222
2.25221
2.24229
2.23246
2.22271
2.21304
2.20346
2.19397
2.18455
2.17521
2.16596
2.15678
2.14768
2.13866
2.12971
2.12083
2.11203
2.10331
2.09465
2.08607
2.07755
2.06911
2.06073
2.05242
2.04418
2.036
2.02789
2.01984
2.01186
2.00394
1.99608
1.99609
1.99611
2.98062
2.96911
3.45
3.43678
3.42366
3.41065
3.64015
3.62642
3.61278
3.59925
3.58582
3.57249
3.55926
3.54613
3.65074
3.63736
3.62409
3.61091
3.59783
3.58484
3.57194
3.55914
3.54643
3.53381
3.52128
3.50883
3.49648
3.48421
3.47203
3.45993
3.50347
3.49135
3.47931
3.46735
3.45548
3.44369
3.43197
3.42034
3.40878
3.39731
3.38591
3.37458
3.36333
3.35216
3.34106
3.33003
3.31908
3.3082
3.29739
3.28664
3.27597
3.26537
3.25484
3.24437
3.23397
3.22364
3.21338
3.20317
3.19304
3.18297
3.17296
3.16301
3.17813
3.16822
3.15839
3.14861
3.13889
3.12923
3.11963
3.11009
3.10061
3.09119
3.08182
3.07251
3.06325
3.05405
3.04491
3.03582
3.02679
3.0178
3.00888
3
2.99118
2.9824
2.97368
2.96501
2.9564
2.94783
2.93931
2.93084
2.92241
2.91404
2.90571
2.89744
2.8892
2.88102
2.87288
2.86479
2.85674
2.84874
2.84078
2.83287
2.825
2.81717
2.80939
2.80165
2.79396
2.7863
2.77869
2.77112
2.76359
2.7561
2.74865
2.74124
2.73387
2.72654
2.71925
2.712
2.70479
2.69761
2.69048
2.68338
2.67632
2.66929
2.6623
2.65535
2.65885
2.65195
2.64508
2.63824
2.63144
2.62468
2.61795
2.61125
2.60459
2.59796
2.59137
2.58481
2.57828
2.57179
2.56533
2.5589
2.5525
2.54613
2.5398
2.5335
2.52723
2.52099
2.51478
2.5086
2.50245
2.49633
2.49024
2.48418
2.47816
2.47215
2.46618
2.46024
2.45433
2.44844
2.44258
2.43675
2.43095
2.42518
2.41943
2.41371
2.40802
2.40235
2.39671
2.3911
2.38551
2.37995
2.37442
2.36891
2.36343
2.35797
2.35253
2.34713
2.34174
2.33638
2.33105
2.32574
2.32045
2.31519
2.30995
2.30474
2.29955
2.29438
2.28924
2.28412
2.27902
2.27394
2.26889
2.26386
2.25885
2.25386
2.2489
2.24396
2.23904
2.23414
2.22926
2.2244
2.21957
2.21475
2.20996
2.20518
2.20043
2.1957
2.19099
2.1863
2.18162
2.17697
2.17234
2.16773
2.16314
2.15856
2.15401
2.14947
2.14496
2.14046
2.13598
2.13152
2.12708
2.12266
2.11826
2.11387
2.1095
2.10515
2.10082
2.09651
2.09221
2.08793
2.08367
2.07943
2.0752
2.07099
2.0668
2.06263
2.05847
2.05433
2.0502
2.04609
2.042
2.03792
2.03386
2.02982
2.02579
2.02178
2.01779
2.01381
2.00984
2.00589
2.00196
1.99804
1.99805
1.99805
2.99027
2.98447
3.47481
3.46809
3.46139
3.45472
3.69423
3.68714
3.68008
3.67304
3.66603
3.65905
3.65209
3.64516
3.75947
3.75236
3.74528
3.73823
3.7312
3.7242
3.71723
3.71028
3.70336
3.69646
3.68959
3.68275
3.67593
3.66913
3.66236
3.65562
3.70772
3.70092
3.69414
3.68739
3.68066
3.67395
3.66727
3.66062
3.65399
3.64738
3.64079
3.63423
3.6277
3.62118
3.6147
3.60823
3.60179
3.59537
3.58897
3.58259
3.57624
3.56991
3.5636
3.55732
3.55106
3.54482
3.5386
3.5324
3.52622
3.52007
3.51394
3.50783
3.52951
3.5234
3.5173
3.51123
3.50517
3.49914
3.49313
3.48714
3.48116
3.47521
3.46928
3.46337
3.45748
3.45161
3.44576
3.43993
3.43412
3.42833
3.42256
3.41681
3.41107
3.40536
3.39967
3.39399
3.38833
3.3827
3.37708
3.37148
3.36589
3.36033
3.35479
3.34926
3.34375
3.33826
3.33279
3.32733
3.3219
3.31648
3.31107
3.30569
3.30032
3.29498
3.28964
3.28433
3.27903
3.27375
3.26849
3.26324
3.25801
3.2528
3.2476
3.24242
3.23726
3.23211
3.22698
3.22187
3.21677
3.21169
3.20662
3.20157
3.19654
3.19152
3.18652
3.18153
3.18906
3.18409
3.17913
3.17418
3.16925
3.16434
3.15944
3.15456
3.14969
3.14484
3.14
3.13518
3.13037
3.12557
3.1208
3.11603
3.11128
3.10654
3.10182
3.09712
3.09242
3.08775
3.08308
3.07843
3.0738
3.06917
3.06456
3.05997
3.05539
3.05082
3.04627
3.04173
3.0372
3.03269
3.02819
3.0237
3.01923
3.01477
3.01032
3.00589
3.00147
2.99706
2.99267
2.98829
2.98392
2.97956
2.97522
2.97089
2.96657
2.96226
2.95797
2.95369
2.94942
2.94517
2.94092
2.93669
2.93247
2.92826
2.92407
2.91989
2.91571
2.91155
2.90741
2.90327
2.89915
2.89504
2.89093
2.88685
2.88277
2.8787
2.87465
2.8706
2.86657
2.86255
2.85854
2.85455
2.85056
2.84658
2.84262
2.83866
2.83472
2.83079
2.82687
2.82296
2.81906
2.81517
2.81129
2.80743
2.80357
2.79973
2.79589
2.79207
2.78825
2.78445
2.78065
2.77687
2.7731
2.76934
2.76558
2.76184
2.75811
2.75439
2.75067
2.74697
2.74328
2.7396
2.73592
2.73226
2.72861
2.72497
2.72133
2.71771
2.7141
2.71049
2.7069
2.70331
2.69974
2.69617
2.69261
2.68906
2.68553
2.682
2.67848
2.67497
2.67147
2.66797
2.66449
2.66102
2.66276
2.6593
2.65584
2.6524
2.64896
2.64554
2.64212
2.63871
2.63531
2.63192
2.62853
2.62516
2.62179
2.61844
2.61509
2.61175
2.60842
2.6051
2.60178
2.59848
2.59518
2.59189
2.58861
2.58534
2.58207
2.57881
2.57557
2.57233
2.5691
2.56587
2.56266
2.55945
2.55625
2.55306
2.54988
2.5467
2.54353
2.54037
2.53722
2.53408
2.53094
2.52781
2.52469
2.52158
2.51847
2.51538
2.51229
2.5092
2.50613
2.50306
2.5
2.49695
2.4939
2.49086
2.48783
2.48481
2.4818
2.47879
2.47579
2.47279
2.46981
2.46683
2.46386
2.46089
2.45793
2.45498
2.45204
2.4491
2.44617
2.44325
2.44033
2.43743
2.43452
2.43163
2.42874
2.42586
2.42299
2.42012
2.41726
2.4144
2.41156
2.40872
2.40588
2.40306
2.40023
2.39742
2.39461
2.39181
2.38902
2.38623
2.38345
2.38068
2.37791
2.37515
2.37239
2.36964
2.3669
2.36416
2.36143
2.35871
2.35599
2.35328
2.35057
2.34788
2.34518
2.3425
2.33982
2.33714
2.33447
2.33181
2.32916
2.32651
2.32386
2.32123
2.31859
2.31597
2.31335
2.31073
2.30813
2.30552
2.30293
2.30034
2.29775
2.29517
2.2926
2.29003
2.28747
2.28492
2.28237
2.27982
2.27728
2.27475
2.27222
2.2697
2.26718
2.26467
2.26217
2.25967
2.25717
2.25469
2.2522
2.24972
2.24725
2.24479
2.24232
2.23987
2.23742
2.23497
2.23253
2.2301
2.22767
2.22524
2.22283
2.22041
2.218
2.2156
2.2132
2.21081
2.20842
2.20604
2.20366
2.20129
2.19892
2.19656
2.19421
2.19185
2.18951
2.18717
2.18483
2.1825
2.18017
2.17785
2.17553
2.17322
2.17091
2.16861
2.16631
2.16402
2.16173
2.15945
2.15717
2.1549
2.15263
2.15037
2.14811
2.14586
2.14361
2.14136
2.13912
2.13689
2.13466
2.13243
2.13021
2.12799
2.12578
2.12357
2.12137
2.11917
2.11698
2.11479
2.1126
2.11042
2.10825
2.10608
2.10391
2.10175
2.09959
2.09744
2.09529
2.09314
2.091
2.08887
2.08673
2.08461
2.08248
2.08037
2.07825
2.07614
2.07404
2.07194
2.06984
2.06775
2.06566
2.06357
2.06149
2.05942
2.05734
2.05528
2.05321
2.05115
2.0491
2.04705
2.045
比值最大为3.75947